11 45 60 34 61 55 64 62 4 1 64 48 0 0 64 48 0 0 64 48 0 0 64 48 0 0 64 48 0 0 64 48 0 0 54 42
25 58 55 14 62 27 39 58 64 8 24 64 64 8 24 64 64 8 24 64 64 8 24 64 64 8 24 64 63 14 30 59 28 63 61 19
58 64 64 52 64 22 16 7 59 0 0 0 63 44 48 11 63 31 49 47 9 0 24 48 14 0 24 52 64 6 34 45 34 64 60 13
25 62 59 13 59 29 41 45 64 1 24 49 64 3 31 40 55 47 58 30 9 44 63 8 0 26 44 0 0 49 21 0 7 53 2 0
61 64 64 57 64 22 42 41 25 0 44 20 0 4 61 3 0 23 47 0 0 43 27 0 0 59 11 0 13 55 0 0 27 31 0 0
21 62 63 20 56 29 38 51 64 15 24 64 64 13 28 55 53 51 57 30 12 42 63 8 0 24 44 0 0 52 17 0 14 56 1 0
0 4 62 8 0 26 42 0 0 51 16 0 15 64 35 5 41 53 55 39 54 19 24 48 62 16 24 60 55 29 38 42 26 63 60 13
12 45 63 44 62 64 64 60 7 9 64 48 0 8 64 48 0 8 64 48 0 8 64 37 0 8 64 32 0 8 64 32 0 5 56 29
21 58 55 9 59 30 43 47 64 8 26 58 64 8 29 40 64 8 32 40 64 6 32 40 64 3 32 40 60 23 43 34 20 55 46 5
53 64 64 45 56 32 24 15 56 8 0 0 56 59 60 14 56 30 42 43 10 0 24 48 20 0 25 43 60 18 42 34 24 59 51 5
22 60 54 9 56 36 47 41 64 8 25 64 64 8 32 40 55 42 54 27 9 47 62 5 0 31 42 0 0 55 17 0 13 53 0 0
56 56 56 49 64 37 50 52 34 1 49 24 0 4 62 5 0 20 46 0 0 41 26 0 2 60 7 0 17 53 0 0 34 32 0 0
18 60 58 13 50 36 40 42 61 11 24 60 62 11 27 40 48 46 54 26 6 40 62 4 0 29 40 0 0 56 16 0 11 47 0 0
0 10 61 4 0 35 46 0 2 59 20 0 21 64 34 3 43 51 55 38 60 9 20 58 64 8 23 64 59 25 41 41 26 63 55 9
11 45 63 44 62 58 64 64 12 8 64 50 0 8 64 48 0 0 57 48 0 0 56 48 0 0 56 48 0 0 56 48 0 0 53 44
24 62 57 14 59 28 37 56 64 16 24 64 64 16 24 64 64 16 24 64 64 16 24 64 64 16 24 64 59 31 41 51 20 58 55 14
0 12 57 0 0 38 33 0 4 59 6 0 24 59 28 2 44 49 55 31 57 10 25 50 64 8 24 62 52 28 44 36 20 59 53 7
61 58 56 49 64 20 41 43 22 0 44 19 0 3 61 5 0 24 47 0 0 39 23 0 1 59 9 0 17 52 0 0 32 29 0 0
0 0 53 3 0 18 47 0 0 37 24 0 0 59 5 0 18 45 4 0 41 23 46 16 60 46 61 35 30 40 61 35 0 0 51 6
11 44 64 44 55 53 64 42 11 8 64 40 0 16 64 38 0 16 64 24 0 17 64 24 0 24 64 17 0 24 64 16 0 28 62 10
0 1 51 10 0 22 52 0 0 46 18 0 13 64 23 2 37 53 53 38 53 16 24 48 63 11 24 52 56 22 40 35 24 62 57 9
8 44 64 44 59 64 64 57 21 11 64 40 0 12 64 36 0 24 64 24 0 25 64 24 0 32 64 17 0 32 64 16 0 37 63 8
6 55 60 17 39 38 34 42 45 24 23 41 48 16 26 37 53 15 32 32 56 8 35 28 59 6 40 25 60 16 50 19 31 64 44 1
0 1 55 12 0 24 51 0 0 55 24 0 12 64 33 3 40 53 54 37 59 10 24 44 64 0 28 40 63 15 47 27 32 64 47 2
50 64 64 45 57 23 41 37 26 0 50 15 0 11 57 1 0 33 32 0 0 54 11 0 16 53 0 0 37 26 0 0 52 8 0 0
0 0 29 29 0 0 57 10 0 19 47 0 0 45 23 0 6 56 8 4 32 36 39 24 52 50 57 38 43 48 63 38 0 0 56 6
8 44 64 40 60 64 64 32 16 26 64 20 0 32 64 11 0 43 59 2 0 56 51 0 0 64 45 0 8 64 32 0 19 61 16 0
0 0 40 32 0 9 61 4 0 38 36 0 6 62 46 10 32 55 50 43 52 17 25 47 61 6 33 38 63 27 55 19 30 57 35 0
10 48 64 43 62 60 64 62 16 2 64 50 0 0 64 48 0 0 64 48 0 0 64 48 0 0 64 48 0 0 64 48 0 0 56 43
7 44 63 43 60 64 64 50 22 11 64 40 0 8 64 40 0 8 64 40 0 8 64 40 0 8 64 40 0 8 64 40 0 6 61 34
17 58 60 18 46 39 39 45 26 5 24 48 0 5 40 39 0 20 62 25 0 0 27 45 35 2 24 56 58 31 41 45 25 59 54 9
19 57 57 17 52 39 44 46 31 5 26 47 0 0 45 29 0 13 57 4 0 49 25 0 19 55 0 0 54 45 18 7 53 63 64 32
15 60 60 14 48 34 40 42 32 7 24 43 0 6 45 29 0 25 63 15 0 0 35 33 29 0 32 36 62 22 48 26 31 62 46 3
53 64 64 47 64 20 45 43 23 0 46 19 0 4 61 2 0 23 41 0 0 48 17 0 7 57 1 0 25 40 0 0 44 14 0 0
7 55 61 18 36 40 35 46 42 16 21 48 48 16 24 40 50 11 30 36 56 8 32 32 58 0 32 24 62 13 45 19 38 64 50 3
21 55 64 35 63 64 64 40 19 10 64 40 0 3 60 41 0 0 56 48 0 0 56 48 0 0 56 48 0 0 51 48 0 0 43 44
14 47 64 44 63 64 64 64 25 4 57 52 0 0 56 48 0 0 56 48 0 0 56 48 0 0 56 48 0 0 56 48 0 0 50 44
26 63 61 13 56 33 42 41 31 3 17 48 0 9 45 37 0 27 64 21 0 0 24 43 34 0 16 56 62 26 44 48 26 62 56 13
25 62 60 14 56 35 43 46 40 3 26 48 0 0 47 26 0 18 59 4 1 53 27 0 23 52 0 0 56 39 16 7 61 64 64 29
13 58 60 14 44 41 41 43 32 7 17 47 0 5 43 34 0 29 64 18 0 0 31 36 32 0 28 39 63 22 49 27 29 63 52 6
61 64 64 57 61 25 46 50 29 0 46 19 0 4 58 2 0 28 38 0 0 50 16 0 8 54 0 0 32 33 0 0 48 9 0 0
6 50 58 18 38 47 42 47 42 16 13 48 48 9 19 43 56 5 24 37 58 0 31 30 57 0 37 24 61 19 53 21 36 64 46 2
16 53 64 48 60 50 64 57 6 5 61 32 0 8 64 32 0 8 64 32 0 8 64 32 0 8 64 32 0 8 64 30 0 7 63 18
13 50 64 48 62 52 64 62 6 0 64 48 0 0 64 41 0 11 64 32 0 16 64 32 0 16 64 32 0 16 64 32 0 11 62 19
19 62 64 25 48 29 28 48 15 3 19 48 0 6 45 35 0 15 59 23 0 0 26 42 31 0 26 43 63 24 48 35 27 60 47 6
14 62 62 15 44 30 28 42 19 5 17 43 0 6 45 27 0 21 61 15 0 0 27 36 29 0 26 33 61 22 47 26 29 61 46 3
0 2 53 9 0 23 47 0 0 49 19 0 14 64 30 3 46 52 53 41 62 9 17 62 64 2 20 64 63 23 41 43 27 61 51 9
29 60 56 39 33 31 16 9 40 16 0 0 44 48 54 8 48 32 48 24 7 0 32 24 19 0 40 24 61 6 49 14 29 61 38 0
6 51 59 21 33 42 30 48 16 8 16 46 0 0 38 28 0 10 54 3 0 44 22 0 17 50 0 0 50 30 8 1 61 64 64 13
11 54 64 13 59 64 64 25 16 18 64 32 0 8 64 34 0 2 64 40 0 0 64 40 0 0 64 46 0 0 58 48 0 0 46 42
12 50 64 19 62 64 64 24 23 25 64 29 0 16 64 40 0 16 64 40 0 16 64 40 0 8 64 40 0 8 64 43 0 4 58 40
21 59 49 6 57 45 55 34 64 16 32 61 54 34 48 39 37 64 64 21 60 27 41 47 64 16 32 64 57 39 48 48 21 59 59 14
61 64 60 49 64 38 52 55 35 2 46 27 0 4 63 10 0 25 54 0 0 38 33 0 1 59 16 0 17 59 2 0 30 36 0 0
45 64 64 45 48 38 24 15 51 16 0 0 56 55 54 12 56 39 50 40 11 1 32 48 28 3 32 41 61 30 48 33 26 61 52 6
47 56 56 37 58 37 53 38 33 0 48 21 0 7 61 2 0 24 43 0 0 47 25 0 5 63 3 0 23 46 0 0 39 23 0 0
6 55 61 17 34 50 42 45 48 27 25 47 40 41 42 35 29 64 64 17 53 19 39 29 63 8 35 32 59 32 56 23 29 63 47 2
7 42 63 38 57 64 64 60 32 37 64 54 0 16 64 48 0 16 64 48 0 16 64 36 0 16 64 32 0 16 64 32 0 11 63 29
3 34 60 40 49 64 64 52 32 32 64 46 0 8 64 40 0 8 64 40 0 8 64 40 0 21 64 37 0 24 64 24 0 18 64 18
5 51 61 19 38 54 50 46 48 24 24 48 46 43 47 40 32 64 64 26 53 28 42 42 59 13 32 44 58 39 54 33 26 63 48 6
42 56 57 43 64 46 61 37 49 3 56 18 0 9 59 2 0 28 39 0 0 49 19 0 6 59 1 0 26 43 0 0 42 21 0 0
27 61 64 44 40 51 32 13 42 26 2 0 48 64 61 11 48 41 57 31 13 1 48 32 28 2 49 23 60 33 60 9 28 59 27 0
47 56 64 53 64 42 58 44 44 1 55 19 0 17 59 2 0 39 39 0 1 59 17 0 18 57 1 0 40 33 0 0 57 10 0 0
2 48 64 29 22 56 47 50 35 40 28 46 36 53 52 30 26 64 64 16 49 28 53 29 61 13 49 24 62 39 62 10 34 63 34 0
17 57 64 29 61 59 64 32 8 8 64 32 0 3 64 40 0 0 64 40 0 0 62 47 0 0 56 48 0 0 56 48 0 0 51 45
13 49 64 35 61 60 64 40 15 8 64 40 0 8 64 40 0 8 64 45 0 5 62 48 0 0 56 48 0 2 60 48 0 0 53 44
19 61 54 11 54 32 42 42 63 8 21 64 61 9 21 54 47 44 52 35 8 39 64 16 0 16 55 0 0 43 31 0 1 59 8 0
19 60 58 12 54 28 35 43 56 8 24 48 56 8 24 44 56 8 24 40 56 8 24 40 57 8 31 40 55 26 43 34 20 55 49 8
11 51 49 9 44 34 41 41 48 9 24 48 56 8 24 42 56 8 24 40 56 9 27 37 56 8 32 32 57 19 44 28 23 57 49 5
8 39 62 45 57 59 64 42 13 8 64 40 0 15 64 34 0 16 64 30 0 23 64 16 0 24 64 15 0 32 64 8 0 27 56 2
11 51 52 9 47 35 41 40 58 9 25 51 64 8 26 37 58 33 52 26 18 49 61 2 0 33 34 0 4 59 7 0 26 41 0 0
10 44 64 43 62 58 64 64 11 0 64 50 0 0 64 48 0 0 64 45 0 0 64 40 0 1 64 40 0 0 64 40 0 0 59 34
11 44 63 43 61 59 64 46 13 0 64 40 0 3 64 40 0 9 64 40 0 8 64 40 0 8 64 40 0 8 64 40 0 6 63 34
26 62 58 14 62 25 41 55 64 2 24 64 64 7 27 55 57 42 57 32 13 44 64 10 0 29 46 0 0 54 22 0 15 53 1 0
20 58 58 14 54 34 43 45 57 16 32 52 64 16 32 64 64 13 32 46 64 8 32 40 64 8 32 40 60 26 46 36 26 62 52 8
18 56 57 15 54 34 40 47 57 16 24 52 60 16 24 56 64 10 29 64 64 8 32 58 64 8 32 40 63 20 42 39 32 63 55 10
6 42 63 44 57 64 64 43 22 16 64 40 0 8 64 40 0 16 64 35 0 16 64 24 0 16 64 24 0 16 64 24 0 24 64 19
20 60 57 14 53 35 45 46 63 16 32 64 64 16 32 52 60 43 55 32 14 50 63 7 0 28 44 0 1 55 20 0 17 56 0 0
14 49 64 44 62 64 64 62 24 9 64 54 0 8 64 48 0 8 64 48 0 8 64 48 0 8 64 48 0 8 64 48 0 6 63 48
13 49 64 45 62 64 64 62 21 9 64 52 0 8 64 42 0 8 64 41 0 8 64 42 0 8 64 40 0 8 64 40 0 8 64 40
18 55 54 10 50 39 47 40 57 8 24 52 63 8 25 49 52 43 52 30 14 49 64 9 0 23 49 0 0 48 24 0 9 60 2 0
61 64 64 51 64 25 48 36 35 0 48 19 0 6 61 2 0 21 44 0 0 42 26 0 0 59 6 0 15 54 0 0 34 31 0 0
0 1 60 4 0 21 43 0 0 43 24 0 4 60 3 0 24 44 13 3 46 22 56 14 62 47 63 43 37 40 64 37 0 0 60 6
45 64 64 45 48 37 18 11 48 16 0 0 48 54 57 14 48 34 47 38 11 1 28 40 23 0 32 36 61 9 44 29 31 63 49 3
9 55 61 19 44 40 38 46 29 12 24 48 0 9 45 36 0 24 61 20 0 0 29 38 28 2 28 38 64 24 50 29 32 62 46 3
16 50 64 48 61 57 64 64 9 2 59 48 0 8 64 48 0 8 64 48 0 8 64 48 0 8 64 48 0 8 64 32 0 6 61 29
7 41 63 42 56 61 64 52 16 0 64 45 0 0 64 40 0 0 64 40 0 8 64 40 0 8 64 40 0 8 64 28 0 6 63 20
20 58 51 10 57 34 42 51 64 4 17 64 64 2 25 58 57 39 53 31 13 45 64 7 0 26 46 0 2 58 20 0 17 54 1 0
53 64 64 47 64 19 39 43 22 0 44 20 0 5 58 1 0 23 45 0 0 46 24 0 0 62 4 0 17 44 0 0 34 23 0 0
0 0 45 11 0 11 53 0 0 31 29 0 0 54 9 0 16 51 4 1 37 24 39 16 55 47 56 32 37 40 61 38 0 0 46 7
33 59 56 39 40 36 24 15 43 16 0 0 48 51 54 6 50 32 48 29 10 0 32 32 22 0 37 27 62 13 51 16 28 62 40 1
3 45 57 13 30 47 40 42 15 14 24 43 0 3 40 31 0 21 64 13 0 0 35 29 19 1 32 31 59 17 47 21 31 64 51 4
11 49 64 26 61 64 64 36 20 9 64 40 0 7 64 40 0 0 64 40 0 0 64 40 0 0 64 41 0 0 61 48 0 0 51 45
23 59 52 8 59 30 42 41 36 3 26 48 0 0 47 26 0 13 61 4 0 46 32 0 15 59 3 0 47 48 16 9 46 56 64 37
17 56 51 11 52 38 42 44 56 9 16 48 63 8 24 64 64 8 24 64 64 8 24 61 64 8 24 40 59 27 42 38 23 60 55 11
0 0 56 6 0 17 49 0 0 40 28 0 2 60 6 0 21 47 9 1 44 23 48 16 62 47 61 36 38 41 63 44 0 0 53 9
7 38 62 41 59 64 64 62 24 16 64 47 0 13 64 40 0 16 64 31 0 21 64 30 0 32 64 16 0 37 64 12 0 36 63 6
0 0 56 16 0 22 55 0 0 47 24 0 12 64 31 1 41 56 57 32 55 13 25 50 64 9 28 40 59 27 49 30 26 61 50 6
0 0 48 26 0 14 60 3 0 42 33 0 7 63 35 3 36 61 61 37 51 18 25 48 63 8 29 46 62 19 50 31 32 64 56 6
23 59 63 13 64 56 64 16 10 9 64 20 0 8 64 24 0 0 64 33 0 0 64 40 0 0 57 40 0 0 56 47 0 0 44 44
32 63 41 1 62 21 52 19 26 0 40 24 0 0 53 15 0 18 53 0 0 47 28 0 11 59 2 0 38 50 18 8 37 56 62 43
30 60 46 6 62 30 47 33 64 8 32 40 64 8 29 40 58 11 24 47 56 16 24 48 56 16 24 48 47 32 35 46 10 53 58 18
61 63 56 25 64 17 19 9 63 0 0 0 56 49 54 11 54 24 40 40 3 0 18 48 24 2 16 48 50 20 29 43 14 52 54 14
24 59 49 6 61 24 40 35 62 0 24 40 56 0 23 40 56 0 20 42 56 4 20 45 56 8 16 47 53 20 29 45 18 60 59 16
26 60 56 14 61 21 35 55 20 1 25 47 0 0 42 34 0 8 58 5 0 43 29 0 14 55 1 0 48 36 3 0 53 58 64 46
22 62 58 9 55 15 33 38 17 1 24 41 0 3 39 33 0 20 60 11 0 0 26 37 20 0 24 40 61 10 33 36 26 62 57 9
10 43 64 36 61 61 64 46 18 10 64 40 0 8 64 40 0 8 64 40 0 8 64 40 0 8 64 42 0 8 64 40 0 4 61 39
26 62 58 14 61 33 45 55 29 3 31 45 0 0 52 28 0 20 58 3 0 50 29 0 21 55 1 0 55 45 24 12 53 57 64 37
16 56 50 10 54 31 45 42 63 8 24 64 64 8 24 43 64 9 27 40 64 8 32 40 64 8 32 40 63 21 44 32 28 62 55 6
45 64 64 44 48 35 24 14 48 12 0 0 48 53 56 10 50 33 47 36 12 1 32 35 29 0 32 32 61 15 46 28 26 62 51 4
10 52 59 14 41 44 36 46 27 12 22 48 0 6 43 38 0 24 64 22 0 0 36 37 30 2 32 39 62 21 50 30 26 62 53 5
9 55 58 15 39 40 40 44 48 20 24 40 42 35 43 32 31 64 64 11 59 12 43 30 64 7 40 32 63 17 53 20 32 63 44 1
6 54 60 20 34 41 34 47 44 24 20 45 50 20 27 39 56 15 33 37 56 8 40 32 61 1 40 23 63 22 54 14 33 63 40 0
10 46 64 45 62 60 64 62 21 8 64 47 0 8 64 40 0 8 64 40 0 13 64 37 0 16 64 32 0 16 64 32 0 14 64 27
20 60 62 14 50 35 37 46 32 8 26 45 0 0 46 27 0 15 58 2 0 48 26 0 16 55 1 0 50 39 16 6 61 64 64 31
18 59 58 13 48 34 39 43 56 11 24 42 56 8 24 40 57 9 29 35 64 8 32 32 64 8 37 32 62 24 49 30 27 63 47 3
41 56 56 40 48 35 24 15 48 13 0 0 48 49 52 9 54 34 52 32 10 0 35 32 26 0 40 32 62 9 49 24 29 63 48 2
6 52 59 16 36 47 39 45 21 13 19 48 0 6 42 37 0 20 62 21 0 0 35 37 28 2 34 33 61 25 50 30 29 63 52 5
5 50 58 15 33 48 41 43 47 31 24 46 42 38 39 35 27 64 64 13 53 17 41 31 64 1 39 32 62 22 54 24 33 64 48 2
5 45 53 14 36 47 45 43 48 22 24 46 48 16 31 39 50 16 33 32 56 11 36 32 63 6 41 26 64 18 56 15 37 64 44 1
7 39 62 44 58 59 64 43 14 8 64 40 0 14 64 26 0 16 64 22 0 21 64 16 0 24 64 14 0 30 64 8 0 32 64 2
9 52 61 19 39 37 33 44 20 9 20 40 0 0 42 22 0 13 53 1 0 47 20 0 13 51 1 0 45 29 8 1 64 64 64 17
30 64 64 45 40 29 8 5 41 16 0 0 42 49 58 11 48 34 48 25 10 0 32 24 15 0 38 24 58 1 48 16 39 60 46 1
10 56 60 19 41 30 35 43 54 10 24 46 61 8 28 36 53 41 57 18 14 45 57 1 0 34 28 0 4 58 6 0 28 32 0 0
3 44 60 19 27 42 27 47 38 24 13 47 40 19 19 40 44 14 26 34 48 8 33 26 56 0 40 25 56 11 48 18 38 64 45 1
2 47 62 21 22 42 22 46 33 24 14 42 30 39 36 29 21 64 64 6 47 10 36 26 55 0 39 24 56 11 52 13 37 64 41 0
14 57 56 39 26 40 16 11 33 23 0 0 40 48 49 6 40 36 50 24 8 0 40 22 16 0 41 14 59 2 52 3 41 63 27 0
21 55 64 50 64 54 64 64 8 8 64 48 0 8 64 48 0 8 64 48 0 6 63 48 0 8 64 48 0 1 58 48 0 0 50 42
31 64 62 15 62 23 39 51 26 1 27 42 0 0 48 25 0 19 59 3 0 51 29 0 17 56 3 0 51 36 8 3 60 64 64 34
44 64 64 44 48 33 16 9 48 16 0 0 48 54 55 12 48 40 45 41 5 0 24 46 20 1 24 40 56 19 39 35 24 62 55 9
14 59 57 9 47 35 42 38 57 12 27 44 60 8 32 36 51 42 54 24 12 46 61 3 0 27 37 0 0 53 11 0 12 47 0 0
10 57 60 16 36 38 30 46 42 16 16 48 48 15 21 40 49 8 24 40 56 8 32 32 56 0 33 30 59 14 49 20 27 63 49 2
5 50 59 14 30 43 33 44 40 20 16 47 37 34 37 34 29 60 63 10 55 11 37 22 59 0 36 24 60 18 54 18 31 63 39 1
21 62 56 35 32 38 16 7 39 18 0 0 40 48 44 3 40 36 54 22 10 0 40 22 9 0 46 15 60 2 57 4 39 64 35 0
8 39 62 47 59 58 64 56 16 0 56 48 0 0 56 48 0 0 56 48 0 5 62 48 0 8 64 48 0 8 64 48 0 8 64 46
19 52 54 13 51 30 36 42 27 4 22 44 0 0 44 27 0 12 58 4 0 44 29 0 14 58 2 0 46 34 14 9 59 64 61 34
0 10 54 0 0 37 33 0 0 56 7 0 18 58 30 3 41 47 50 37 54 9 17 48 57 8 16 50 53 23 34 39 20 60 55 9
0 2 53 0 0 17 40 0 0 39 20 0 1 57 1 0 17 41 4 3 41 24 47 16 56 44 58 40 39 40 59 39 0 0 47 13
19 58 58 16 58 25 35 54 28 2 26 48 0 0 46 27 0 15 58 2 0 50 26 0 20 54 1 0 52 40 16 9 60 56 56 32
12 43 63 45 63 59 64 64 14 8 64 52 0 8 64 48 0 8 64 48 0 8 64 40 0 15 64 40 0 16 64 40 0 13 63 35
61 64 64 62 64 11 33 43 18 0 44 18 0 3 60 3 0 23 45 0 0 38 24 0 0 60 7 0 17 51 0 0 34 30 0 0
13 47 64 44 62 53 63 62 10 0 56 50 0 0 56 48 0 4 61 48 0 2 60 48 0 5 61 48 0 4 62 48 0 3 58 44
24 61 60 14 60 21 33 57 28 2 21 48 0 0 43 30 0 13 60 4 0 46 28 0 18 56 2 0 49 35 8 5 60 64 64 53
0 17 51 0 0 42 29 0 4 62 5 0 31 58 28 3 50 44 54 34 63 2 25 61 64 1 24 64 58 28 40 44 24 58 53 14
0 4 51 0 0 25 35 0 0 48 15 0 4 56 1 0 28 38 5 1 45 18 48 15 62 42 59 40 36 40 60 37 0 0 47 13
20 56 50 14 60 28 42 51 34 3 26 48 0 0 48 29 0 16 59 2 0 50 26 0 20 54 2 0 55 37 16 5 55 59 64 39
10 46 64 45 63 52 64 46 15 3 64 40 0 8 64 40 0 8 64 40 0 8 64 40 0 8 64 40 0 8 64 40 0 7 63 34
61 60 56 53 64 27 46 46 29 0 44 23 0 1 61 6 0 20 50 0 0 40 31 0 0 56 12 0 11 55 0 0 30 37 0 0
16 51 64 29 62 64 64 37 14 7 60 48 0 0 56 48 0 0 56 48 0 0 56 48 0 0 56 48 0 0 56 48 0 0 47 43
28 63 60 13 63 32 42 54 38 3 27 50 0 0 47 33 0 17 59 6 1 51 29 0 23 57 1 0 53 51 24 12 59 64 64 53
61 64 64 46 64 27 50 37 29 0 47 20 0 3 60 2 0 17 46 0 0 38 25 0 0 55 5 0 13 53 0 0 27 35 0 0
22 62 58 10 56 37 42 48 34 3 20 50 0 0 44 30 0 21 59 6 1 54 29 0 24 54 1 0 56 47 24 9 59 64 64 37
6 39 59 37 59 64 64 62 23 13 62 47 0 8 64 32 0 8 64 32 0 8 64 32 0 15 64 29 0 16 64 24 0 12 62 19
0 5 60 4 0 31 44 0 0 58 13 0 21 64 35 3 46 53 57 31 62 7 25 55 64 0 25 40 59 25 49 34 24 62 55 7
12 58 60 16 41 43 37 44 48 17 18 48 41 37 43 39 35 64 64 16 57 13 35 30 64 0 32 32 62 21 48 27 31 64 53 4
8 41 61 38 60 64 64 46 18 16 64 41 0 8 64 41 0 8 64 40 0 8 64 40 0 8 64 40 0 8 64 40 0 6 63 33
13 55 58 13 49 36 40 42 31 5 24 48 0 6 45 33 0 18 62 25 0 0 27 47 26 3 21 52 59 30 42 46 24 57 47 6
20 60 62 19 58 29 40 55 64 8 24 64 64 8 24 64 64 8 24 64 64 6 24 61 64 1 24 55 63 28 41 36 32 63 52 8
13 54 58 13 47 39 43 43 56 15 20 48 52 39 43 33 30 64 64 24 57 15 28 53 64 3 16 64 59 29 39 47 26 63 54 9
15 54 57 16 50 40 45 44 31 8 24 48 0 3 45 36 0 17 63 27 0 0 27 48 24 5 24 50 59 31 39 46 28 62 52 13
48 56 56 45 64 32 24 9 64 8 0 0 64 50 53 22 64 35 45 56 11 0 19 48 17 1 18 50 63 20 33 45 29 63 51 9
58 64 64 52 64 19 41 32 19 0 46 13 0 3 57 0 0 22 45 0 0 40 26 0 0 59 6 0 8 52 0 0 24 26 0 0
18 57 64 31 63 59 64 40 13 4 64 40 0 0 64 40 0 0 64 40 0 0 64 43 0 0 63 48 0 0 56 48 0 0 51 45
64 64 64 39 64 12 8 4 62 0 0 0 56 47 53 12 56 30 45 38 8 0 24 48 24 2 24 48 54 15 32 39 22 61 58 11
22 62 60 16 53 26 35 45 56 8 24 48 49 33 42 38 35 60 62 22 60 13 29 55 64 8 24 64 59 22 37 49 23 61 55 12
10 42 63 44 62 60 64 62 16 8 64 52 0 8 64 47 0 11 64 40 0 16 64 40 0 16 64 40 0 16 64 32 0 15 64 21
42 56 56 39 48 32 24 15 48 9 0 0 48 45 50 10 54 30 44 35 6 0 24 40 28 2 31 34 60 16 43 28 25 56 44 3
37 64 64 40 44 31 16 8 48 9 0 0 48 46 50 6 48 28 47 30 11 1 32 32 18 0 35 25 62 4 48 15 31 64 43 1
6 50 57 14 33 40 33 42 45 18 22 40 48 11 24 34 48 8 28 32 53 8 33 30 56 1 40 22 63 5 50 14 38 64 50 1
13 51 64 48 62 64 64 62 29 19 64 50 0 8 64 34 0 7 64 36 0 0 64 27 0 7 64 30 0 8 64 31 0 8 64 24
56 64 64 41 56 23 16 7 56 8 0 0 54 47 54 13 55 31 40 40 5 0 24 48 18 1 24 47 57 13 31 37 26 63 55 9
18 60 60 14 50 25 34 44 56 8 16 48 47 32 40 36 33 55 59 23 60 9 20 57 64 4 16 64 59 25 37 49 25 61 54 10
24 61 60 19 54 21 28 46 18 2 20 46 0 0 40 29 0 15 59 4 0 48 31 0 16 57 2 0 50 39 16 9 61 64 64 55
26 62 58 13 61 16 34 51 64 0 18 64 64 0 18 64 64 0 17 64 64 0 23 61 64 0 24 40 62 20 37 38 26 62 55 9
7 42 63 48 62 58 64 62 11 3 60 50 0 4 61 48 0 8 64 48 0 1 59 47 0 8 64 37 0 8 64 36 0 6 61 43
24 62 58 11 55 21 35 38 26 2 24 40 0 6 50 31 0 23 62 21 0 0 28 43 23 0 24 40 62 16 37 36 28 62 55 9
13 47 64 29 61 64 64 40 5 12 64 40 0 8 64 40 0 8 64 40 0 1 60 48 0 0 56 48 0 0 54 42 0 0 42 36
53 56 62 27 64 22 16 5 64 0 0 0 64 53 56 12 55 32 48 41 9 0 23 48 9 0 16 48 47 13 23 43 20 59 57 13
26 62 51 3 60 31 53 29 64 9 40 32 52 34 56 23 39 61 64 13 56 12 37 37 59 9 24 49 48 29 45 37 14 56 52 8
30 63 53 3 60 34 62 27 33 1 58 30 0 10 64 19 0 37 53 1 3 61 26 0 27 57 2 0 52 61 45 26 49 64 64 46
34 64 63 19 63 53 58 55 64 32 41 64 64 32 39 64 58 34 32 50 56 37 32 48 56 35 32 48 52 55 51 46 14 59 59 17
23 61 64 24 64 64 64 29 25 23 64 30 0 16 64 32 0 16 64 32 0 14 64 39 0 8 64 42 0 8 64 44 0 5 59 43
40 64 61 6 63 18 54 24 24 1 48 25 0 23 62 18 0 26 62 15 0 0 41 39 41 9 40 45 54 44 54 41 18 58 58 10
