13 51 64 42 62 64 64 62 28 39 64 47 0 24 64 40 0 24 64 40 0 24 64 40 0 24 64 40 0 32 64 27 0 21 63 21
16 60 62 14 45 51 49 46 51 27 32 48 56 24 32 48 56 24 33 40 57 19 40 40 64 16 40 39 57 48 60 28 20 59 50 5
11 58 58 10 40 52 51 41 48 25 31 47 41 43 50 36 38 64 64 17 60 26 46 30 64 16 41 32 60 42 60 24 27 62 50 3
7 51 57 13 32 58 53 42 40 32 32 48 36 51 51 39 36 64 64 18 58 28 46 30 64 16 42 31 58 48 61 20 21 59 42 1
4 52 60 15 29 59 48 44 21 27 24 48 0 9 51 38 0 26 64 21 0 0 45 29 41 3 44 28 57 41 62 21 25 62 46 1
8 47 64 36 60 64 64 47 33 46 64 31 0 33 64 19 0 47 64 13 0 53 64 5 0 61 60 0 9 64 47 0 9 62 36 0
0 0 45 33 0 11 64 13 0 41 47 0 11 63 53 6 36 63 62 40 53 31 33 50 64 20 39 52 60 44 59 29 26 63 54 5
9 42 63 39 58 64 64 40 25 11 64 40 0 8 64 40 0 8 64 25 0 16 64 24 0 16 64 24 0 16 64 19 0 13 63 13
10 42 63 44 61 64 64 62 25 12 64 47 0 8 64 40 0 8 64 34 0 24 64 24 0 24 64 24 0 26 64 18 0 28 63 13
13 57 60 19 41 42 38 47 27 9 18 46 0 0 44 30 0 14 58 4 0 50 25 0 23 53 1 0 52 46 24 8 61 64 64 23
0 0 43 17 0 8 58 2 0 30 39 0 0 56 11 0 18 52 8 3 44 25 41 24 62 53 61 49 43 48 63 40 0 0 46 6
19 59 60 13 51 40 45 40 63 9 25 58 64 2 33 37 58 51 60 18 18 53 58 1 0 41 28 0 11 59 4 0 32 31 0 0
5 52 62 19 30 50 37 47 40 24 16 48 36 42 41 37 31 64 64 19 53 19 39 30 63 0 37 26 61 23 54 20 33 64 45 1
0 0 42 20 0 14 60 4 0 41 31 0 9 63 40 3 36 61 61 34 54 14 25 43 64 6 31 39 63 31 50 26 35 64 51 5
23 58 64 40 63 52 64 40 8 8 64 40 0 8 64 40 0 8 64 41 0 8 64 48 0 1 58 48 0 0 56 48 0 0 53 44
16 50 64 47 62 59 64 62 13 8 64 50 0 8 64 48 0 2 58 48 0 1 58 48 0 6 62 41 0 0 56 40 0 0 53 37
28 63 60 15 59 23 37 51 28 1 26 42 0 0 51 24 0 17 56 2 0 51 25 0 22 54 0 0 53 37 11 3 57 64 64 30
0 0 49 3 0 14 49 0 0 37 26 0 2 58 4 0 19 44 6 0 45 20 48 15 62 51 61 41 37 40 61 41 0 0 47 6
15 55 55 13 47 35 38 44 57 8 16 52 64 8 20 52 53 40 51 29 13 47 62 6 0 28 42 0 0 55 12 0 17 47 0 0
5 51 58 14 34 40 34 42 46 17 18 42 39 34 39 31 26 62 63 9 52 9 36 30 59 0 33 30 58 14 48 18 28 62 45 1
0 0 42 26 0 11 59 2 0 41 31 0 7 63 28 4 34 57 57 40 52 14 17 50 64 4 23 61 62 15 39 34 33 64 57 9
15 51 64 45 63 60 64 64 15 9 64 50 0 8 64 48 0 8 64 48 0 8 64 48 0 8 64 42 0 8 64 47 0 5 59 40
23 61 55 14 55 31 38 46 25 5 26 47 0 0 44 32 0 13 61 6 0 48 32 0 19 58 3 0 51 40 8 4 53 63 64 37
19 59 55 12 52 33 40 44 56 16 24 48 56 16 24 48 58 12 27 42 64 8 32 40 64 8 32 40 60 23 45 33 21 58 50 6
12 55 57 15 44 39 34 47 23 9 24 48 0 5 39 39 0 23 62 19 0 0 28 41 31 2 24 41 59 21 40 37 26 61 55 10
0 0 51 7 0 11 54 0 0 35 31 0 0 56 7 0 18 48 4 0 40 25 47 15 62 46 59 36 37 41 63 40 0 0 52 6
9 56 60 15 40 37 33 41 21 8 24 42 0 5 43 31 0 23 63 11 0 0 35 31 26 0 33 32 62 13 49 25 29 63 49 2
4 50 59 19 30 43 29 47 40 25 16 48 36 33 35 36 23 64 64 13 52 13 36 31 64 2 34 32 63 5 47 25 34 64 51 2
17 54 64 50 63 51 64 64 7 8 64 48 0 8 64 48 0 8 64 48 0 8 64 48 0 8 64 48 0 8 64 42 0 6 62 36
26 61 58 14 54 27 38 42 19 1 27 41 0 0 48 26 0 17 55 1 0 48 20 0 19 52 0 0 55 33 16 6 53 56 63 31
47 64 57 40 51 23 16 11 56 8 0 0 56 48 56 14 55 27 41 41 4 0 24 48 26 0 25 41 62 14 36 35 25 59 52 9
15 55 53 14 47 29 33 42 23 5 23 43 0 0 45 26 0 15 56 2 0 48 24 0 19 52 1 0 52 35 16 3 48 56 56 27
14 58 56 16 46 29 29 46 48 13 22 48 49 8 24 45 56 8 24 40 58 8 24 38 64 7 30 32 59 22 47 29 21 58 47 4
0 2 58 9 0 27 45 0 0 54 13 0 19 63 34 3 44 50 52 36 59 9 21 58 64 0 25 52 59 25 44 32 23 56 47 5
0 1 54 12 0 23 52 0 0 51 21 0 15 64 31 3 43 52 54 36 59 10 24 56 64 1 25 49 62 19 43 34 29 62 52 6
18 52 64 44 60 46 64 40 5 1 64 37 0 8 64 32 0 10 64 26 0 16 64 16 0 16 64 16 0 27 64 8 0 24 56 6
9 58 62 18 40 31 23 45 21 6 16 43 0 0 39 25 0 11 54 1 0 45 20 0 16 50 0 0 48 33 15 2 52 56 64 20
54 64 64 37 59 17 40 36 18 0 45 14 0 5 54 0 0 28 33 0 0 50 11 0 10 52 0 0 30 30 0 0 48 7 0 0
5 52 62 19 29 40 23 47 13 9 11 47 0 3 37 34 0 17 62 14 0 0 34 32 23 0 32 32 59 13 47 23 33 63 48 2
0 0 39 28 0 9 58 3 0 38 30 0 6 63 36 8 35 48 47 44 51 11 16 48 62 8 23 53 55 26 42 31 26 59 47 4
0 41 61 21 16 50 25 47 29 32 10 45 26 40 35 32 19 64 64 8 50 12 36 20 52 0 37 18 57 18 55 8 30 60 31 0
1 39 58 21 17 48 27 48 28 29 12 44 33 20 22 38 43 11 27 28 53 7 37 18 53 0 47 12 59 7 54 2 42 64 32 0
13 49 64 44 63 58 64 64 15 8 64 50 0 8 64 48 0 8 64 48 0 8 64 48 0 8 64 48 0 8 64 48 0 7 63 48
20 55 49 5 60 23 44 30 34 0 32 32 0 8 47 26 0 22 61 17 0 0 27 38 27 0 24 51 62 20 40 35 30 62 49 6
19 56 55 13 56 28 35 51 64 4 16 64 64 4 16 64 60 2 16 56 61 3 16 58 62 5 16 60 56 28 37 46 20 59 50 10
0 5 49 0 0 25 33 0 0 48 15 0 3 54 0 0 23 40 15 3 43 17 48 16 60 44 61 46 37 40 61 35 0 0 43 11
23 59 57 13 57 26 37 49 64 6 24 64 64 8 25 52 50 49 56 32 9 39 64 7 0 17 48 0 0 42 22 0 3 58 2 0
0 18 48 0 0 45 29 0 5 61 3 0 29 59 34 3 53 42 52 34 64 2 24 46 64 0 24 43 61 23 42 36 26 61 51 8
53 64 64 44 56 25 13 4 56 8 0 0 56 53 62 20 56 27 36 47 10 0 16 48 21 2 18 54 61 21 35 41 24 60 51 7
23 55 64 51 64 57 64 64 7 8 64 48 0 8 64 48 0 8 64 48 0 8 64 48 0 8 64 48 0 8 64 48 0 5 59 44
32 63 54 8 63 25 44 32 28 2 32 37 0 9 49 31 0 21 62 17 0 0 31 40 30 0 25 54 59 27 43 38 20 59 53 9
23 56 50 10 55 33 42 44 64 8 24 64 64 8 24 64 61 8 24 56 56 8 24 48 58 8 24 52 54 32 42 39 19 52 51 13
0 7 51 0 0 26 36 0 0 49 16 0 6 59 0 0 26 37 12 1 47 17 48 8 63 47 61 38 29 32 60 35 0 0 47 6
19 57 51 10 54 29 42 40 63 8 24 64 64 9 25 52 51 46 52 32 10 43 64 9 0 24 48 0 0 48 21 0 10 57 2 0
0 12 58 0 0 38 38 0 2 62 10 0 30 62 32 3 50 48 54 39 64 8 24 64 64 0 24 58 60 30 46 36 22 58 51 9
45 64 60 40 48 35 21 16 48 16 0 0 48 55 55 13 48 31 43 37 5 0 24 40 23 2 29 34 55 18 40 30 26 62 51 5
14 49 64 43 62 60 64 64 14 9 64 50 0 8 64 48 0 8 64 48 0 8 64 44 0 8 64 32 0 15 64 32 0 24 64 32
44 64 64 45 48 34 16 9 48 16 0 0 49 55 60 20 55 37 41 47 10 1 16 48 15 0 19 50 57 19 28 42 27 63 58 13
14 57 55 10 46 36 39 40 55 16 24 42 48 34 44 33 32 64 64 20 54 12 27 39 64 8 24 40 57 24 43 35 25 61 51 6
43 56 57 41 56 22 16 9 56 0 0 0 62 46 56 11 63 31 47 39 9 0 24 46 13 0 24 42 64 8 40 33 34 64 53 5
21 62 62 20 54 29 31 48 24 2 19 46 0 0 46 31 0 11 58 3 0 48 30 0 14 55 1 0 51 39 8 3 61 64 64 35
20 62 62 19 51 32 35 42 24 4 24 45 0 3 46 29 0 23 62 17 0 0 27 39 26 0 24 40 64 17 50 33 34 64 52 3
0 7 57 0 0 32 39 0 0 58 11 0 17 62 35 6 44 51 52 38 56 9 24 50 64 4 24 58 57 26 46 34 25 62 49 3
13 47 64 36 60 61 64 40 13 8 64 40 0 2 59 40 0 0 56 40 0 0 56 40 0 0 56 46 0 0 55 48 0 0 45 45
61 64 64 57 64 25 41 43 26 0 41 22 0 0 57 3 0 13 49 0 0 32 30 0 0 49 11 0 6 57 0 0 19 37 0 0
61 64 64 57 64 25 39 47 26 0 41 22 0 1 57 3 0 15 46 0 0 37 27 0 0 53 6 0 11 51 0 0 27 30 0 0
39 59 56 39 48 26 16 10 48 0 0 0 49 43 51 9 56 31 47 31 12 0 24 32 17 0 30 32 63 3 41 23 32 63 48 2
0 0 52 12 0 16 49 0 0 45 18 0 11 64 31 4 37 55 55 37 52 9 18 48 61 4 23 47 55 18 39 32 24 61 48 6
1 45 60 18 26 43 31 46 32 24 16 45 31 31 30 34 21 64 64 10 50 10 36 23 56 0 34 24 59 11 50 13 32 64 43 0
46 64 64 45 56 20 38 35 21 0 44 13 0 6 50 0 0 30 27 0 0 52 6 0 14 43 0 0 38 18 0 0 51 1 0 0
